Webots Project File version R2021b
perspectives: 000000ff00000000fd00000003000000000000022e00000296fc0100000003fb0000001e00480074006d006c0052006f0062006f007400570069006e0064006f007700000000000000022e0000000000000000fb0000001e00480074006d006c0052006f0062006f007400570069006e0064006f007700000000000000022e0000000000000000fb0000001a0044006f00630075006d0065006e0074006100740069006f006e0000000000ffffffff0000006900ffffff00000001000001a30000025bfc0200000001fb0000001400540065007800740045006400690074006f007201000000140000025b0000008900ffffff000000030000050e00000039fc0100000001fb0000001a0043006f006e0073006f006c00650041006c006c0041006c006c01000000000000050e0000006900ffffff000003690000025b00000001000000020000000100000008fc00000000
simulationViewPerspectives: 000000ff0000000100000002000000fa0000026d0100000002010000000100
sceneTreePerspectives: 000000ff0000000100000002000000c0000000fa0100000002010000000200
minimizedPerspectives: 000000ff00000000fd00000003000000000000025c00000504fc0100000002fb0000001a0044006f00630075006d0065006e0074006100740069006f006e0000000000000000140000006900fffffffb0000001e00480074006d006c0052006f0062006f007400570069006e0064006f007700000000000000025c0000000000000000000000010000011c000004c9fc0200000001fb0000001400540065007800740045006400690074006f00720100000014000004c90000008900ffffff00000003000004d400000039fc0100000001fb0000001a0043006f006e0073006f006c00650041006c006c0041006c006c0100000000000004d40000006900ffffff000003b6000004c900000001000000020000000100000008fc00000000
maximizedDockId: -1
centralWidgetVisible: 1
orthographicViewHeight: 1
textFiles: 0 "controllers/Control/Control.cpp"
consoles: Console:All:All
renderingDevicePerspectives: blue player 1:Camera;0;0.365625;0;0
renderingDevicePerspectives: red player 1:Camera;0;0.365625;0;0
