Webots Project File version R2021b
perspectives: 000000ff00000000fd0000000300000000000000d400000294fc0100000003fb0000001e00480074006d006c0052006f0062006f007400570069006e0064006f00770000000000000000d40000000000000000fb0000001e00480074006d006c0052006f0062006f007400570069006e0064006f00770000000000000000d40000000000000000fb0000001a0044006f00630075006d0065006e0074006100740069006f006e0000000000ffffffff0000006900ffffff000000010000011c00000259fc0200000001fb0000001400540065007800740045006400690074006f00720100000016000002590000008900ffffff000000030000050e00000039fc0100000001fb0000001a0043006f006e0073006f006c00650041006c006c0041006c006c01000000000000050e0000006900ffffff000003f00000025900000001000000020000000100000008fc00000000
simulationViewPerspectives: 000000ff000000010000000200000166000002880100000002010000000100
sceneTreePerspectives: 000000ff0000000100000002000000c0000000fb0100000002010000000200
minimizedPerspectives: 000000ff00000000fd00000003000000000000006900000294fc0100000002fb0000001e00480074006d006c0052006f0062006f007400570069006e0064006f00770000000000000000690000000000000000fb0000001a0044006f00630075006d0065006e0074006100740069006f006e0000000000ffffffff0000006900ffffff000000010000015d00000259fc0200000001fb0000001400540065007800740045006400690074006f00720000000016000002590000008900ffffff000000030000050e00000039fc0100000001fb0000001a0043006f006e0073006f006c00650041006c006c0041006c006c01000000000000050e00000000000000000000050e0000029400000001000000020000000100000008fc00000000
maximizedDockId: -1
centralWidgetVisible: 1
orthographicViewHeight: 1
textFiles: 0 "controllers/Control/Control.cpp"
consoles: Console:All:All
renderingDevicePerspectives: blue player 1:Camera;0;0.676562;0;0
renderingDevicePerspectives: red player 1:Camera;0;0.676562;0;0
