Webots Project File version R2021b
perspectives: 000000ff00000000fd00000003000000000000006900000517fc0100000001fb0000001e00480074006d006c0052006f0062006f007400570069006e0064006f00770000000000000000690000000000000000000000010000012e00000397fc0200000001fb0000001400540065007800740045006400690074006f00720100000016000003970000008900ffffff00000003000004c30000017efc0100000002fb0000000e0043006f006e0073006f006c006501000000000000073f0000000000000000fb0000001a0043006f006e0073006f006c00650041006c006c0041006c006c0100000000000004c30000006900ffffff000003930000039700000001000000020000000100000008fc00000000
simulationViewPerspectives: 000000ff00000001000000020000016c000004a00100000002010000000101
sceneTreePerspectives: 000000ff0000000100000002000000c0000001120100000002010000000201
maximizedDockId: -1
centralWidgetVisible: 1
orthographicViewHeight: 1
textFiles: 0 "controllers/player/player.cpp"
consoles: Console:All:All
renderingDevicePerspectives: blue player 1:Camera;1;0.68625;0;0
renderingDevicePerspectives: red player 1:Camera;1;0.68625;0;0
